face_id,face_gender,face_age,att,dom,health,sexdim,trust
agata,female,29,3.02,3.58,3.72,3.93,3.475
alexandra,female,22,2.57,4.055,3.52,3.755,2.51
alica,female,18,2.55,2.81,3.105,3.825,3.505
anastazie,female,22,3.39,4.715,4.015,3.715,2.84
andrea,female,20,4.41,4.04,4.97,4.89,3.67
anezka,female,26,1.9,3.505,3.02,2.565,3.01
apolena,female,18,3.195,3.665,4.235,3.635,3.67
bera,female,22,3.5,2.75,4.31,4.41,4.07
blazana,female,27,2.9,4.11,4,3.01,3.1
bohdana,female,22,3.89,3.07,4.595,4.57,4.57
christianne,female,29,2.055,3.08,2.7,2.7,3.38
darjal,female,20,2.175,3.055,2.97,2.65,3.59
dobromila,female,23,2.96,3.98,3.135,3.785,2.925
dorota,female,26,2.33,3.92,3.445,2.635,2.905
edita,female,19,2.275,3.06,2.78,3.04,3.165
eleanora,female,22,2.055,3.11,3.015,3.035,3.49
elena,female,23,1.965,3.965,3.01,2.06,3.135
ema,female,22,2.285,3.725,3.455,2.485,3.375
gabriela,female,24,2.73,2.925,3.21,3.505,3.91
galina,female,20,2.81,4.34,4.125,3.5,2.74
gejza,female,25,2.095,3.37,3.045,2.755,2.63
ida,female,21,2.145,2.84,3.185,2.33,3.69
ingrid,female,24,2.815,3.815,3.365,3.03,3.165
ingrida,female,31,3.04,3.575,3.815,3.5,3.665
irena,female,23,2.68,3.63,3.845,3.11,3.34
jitka,female,30,3.67,3.71,4.585,4.615,3.865
karina,female,30,3.22,3.735,4.315,3.47,3.9
katy,female,27,3.375,3.025,4.375,4.195,4.335
livia,female,19,2.115,3.55,3.06,2.19,3.16
marika,female,20,3.065,3.305,3.55,3.765,3.205
matylda,female,20,2.31,3.445,3.405,3.55,2.915
milena,female,32,2.185,3.805,2.69,3.25,2.845
miloslava,female,23,2.38,3.48,3.61,2.51,3.345
nicol,female,26,2.305,3.615,3.22,3.12,2.98
perla,female,25,3.25,3.195,4.085,4.345,4.575
radmila,female,28,3.24,4.2,4.1,3.105,3.715
roxanne,female,26,2.745,3.97,3.745,3.355,3.115
saskie,female,20,3.235,3.02,4.095,4.315,3.73
slavena,female,23,1.77,2.47,2.625,3.12,3.82
stela,female,23,2.01,3.245,2.835,2.775,3.42
tamara,female,25,2.31,3.76,3.275,2.27,3.425
valerie,female,23,1.22,4.02,2.225,1.32,2.47
viktoria,female,20,2.99,2.98,3.24,3.79,3.885
viola,female,28,3.495,3.795,3.85,3.815,3.82
vlasta,female,20,4.11,4.245,4.7,4.04,3.5
zelmira,female,26,2.76,4.22,3.635,3.425,2.595
zita,female,32,1.935,3.78,3.24,2.465,3.19
zlata,female,25,3.835,3.725,4.285,4.955,3.3
zlatica,female,31,2.935,4.545,3.475,3.15,2.64
zora,female,33,1.5,3.04,2.185,2.865,3.305
alex,male,20,2.205,2.725,3.68,3.415,3.9
alexander,male,20,3.46,2.635,3.87,3.17,4.185
alfred,male,30,2.305,3.77,3.29,4.89,4.005
ambroz,male,29,2.315,3.535,3.58,3.875,3.365
arnold,male,26,2.325,2.87,2.95,3.545,3.305
arpad,male,26,3.02,3.84,3.97,4.125,3.415
bedrich,male,19,2.45,3.195,3.065,3.52,3.19
blazej,male,22,3.09,4.685,4.445,5.21,3.03
bretislav,male,30,3.71,3.75,4.255,4.425,4.085
cestmir,male,27,2.855,4.86,3.805,5.13,3.205
ctirad,male,25,2.77,4.4,4.285,5.315,3.275
dalimil,male,26,2.32,4.735,3.535,4.9,2.645
david,male,23,3.57,4.655,3.86,5.235,3.52
frederik,male,32,2.355,3.9,3.455,4.43,3.355
gabriel,male,24,3.175,3.59,3.91,4.03,3.975
herbert,male,23,3.335,3.685,4.425,3.735,3.33
herman,male,33,1.59,3.505,2.5,3.97,2.59
hynek,male,25,2.545,2.71,3.55,3.285,3.71
igor,male,23,2.415,3.42,3.56,4.58,3.05
ivan,male,27,2.705,4.475,3.525,4.345,3.005
ivan2,male,27,2.655,3.955,4.11,4.71,3.625
jan,male,23,2.4,4.525,3.86,4.98,2.89
josef,male,20,2.98,3.255,3.965,3.69,4.115
justin,male,19,3.175,2.735,4.005,2.41,3.855
kamil,male,22,2.145,2.88,2.875,3.61,3.395
kazimir,male,23,1.525,2.26,2.26,2.945,2.65
kristian,male,32,1.595,4.565,2.1,4.46,1.85
lumir,male,20,3.4,4.565,4.58,4.93,3.615
mike,male,24,4.14,4.055,4.845,4.635,4.315
mikulas,male,27,3.19,3.805,3.72,4.29,3.63
milos,male,23,3.36,3.66,4.015,3.385,3.02
miroslav,male,22,1.815,2.18,2.46,2.23,2.95
miroslav1,male,27,2.445,3.915,2.84,4.1,3.485
mojmir,male,20,2.695,3.19,3.8,3.44,3.695
oldrich,male,31,2.115,3.475,3.475,4.325,3.395
oleg,male,30,3.095,4.155,4.245,4.545,3.755
patrik,male,26,2.17,3.575,3.395,4.19,2.97
petrb,male,27,2.805,4.61,4.145,4.9,3.005
pravoslav,male,26,1.74,3.335,2.515,2.975,2.44
rehor,male,20,3.35,3.495,3.465,4.34,4.415
robin,male,18,2.18,3.205,3.52,2.83,3.125
rudolf,male,22,3.07,4.64,3.83,4.79,3.145
slavomir,male,28,2.78,3.93,4.11,5.12,3.93
stefan,male,22,1.79,3.27,2.875,3.605,2.91
svatopluk,male,21,2.855,2.94,3.62,3.045,3.695
tomas,male,22,2.175,2.515,3.24,3.11,3.47
tomasi,male,19,2.01,3.795,3.065,3.395,2.47
vincent,male,18,1.425,3.795,2.45,3.095,2.23
vladislav,male,20,3.23,3.015,4.365,2.825,3.415
vlastimil,male,23,3.17,2.88,4.41,3.58,4.64
